timestamp
2023-08-11 12:00:00
2023-08-11 12:01:00
2023-08-11 12:02:00
2023-08-11 12:03:00
2023-08-11 12:04:00
2023-08-11 12:05:00
2023-08-11 12:06:00
2023-08-11 12:07:00
2023-08-11 12:08:00
2023-08-11 12:09:00
2023-08-11 12:10:00
2023-08-11 12:11:00
2023-08-11 12:12:00
2023-08-11 12:13:00
2023-08-11 12:14:00
2023-08-11 12:15:00
2023-08-11 12:16:00
2023-08-11 12:17:00
2023-08-11 12:18:00
2023-08-11 12:19:00
2023-08-11 12:20:00
2023-08-11 12:21:00
2023-08-11 12:22:00
2023-08-11 12:23:00
2023-08-11 12:24:00
2023-08-11 12:25:00
2023-08-11 12:26:00
2023-08-11 12:27:00
2023-08-11 12:28:00
2023-08-11 12:29:00
2023-08-11 12:30:00
2023-08-11 12:31:00
2023-08-11 12:32:00
2023-08-11 12:33:00
2023-08-11 12:34:00
2023-08-11 12:35:00
2023-08-11 12:36:00
2023-08-11 12:37:00
2023-08-11 12:38:00
2023-08-11 12:39:00
2023-08-11 12:40:00
2023-08-11 12:41:00
2023-08-11 12:42:00
2023-08-11 12:43:00
2023-08-11 12:44:00
2023-08-11 12:45:00
2023-08-11 12:46:00
2023-08-11 12:47:00
2023-08-11 12:48:00
2023-08-11 12:49:00
2023-08-11 12:50:00
2023-08-11 12:51:00
2023-08-11 12:52:00
2023-08-11 12:53:00
2023-08-11 12:54:00
2023-08-11 12:55:00
2023-08-11 12:56:00
2023-08-11 12:57:00
2023-08-11 12:58:00
2023-08-11 12:59:00
